ACU08131 521 641 1066 1362 1860 2028 2637 2802 3558 3797 4131 4247
AGGGLINE 3066 3157 3281 3503 4393 4521
AGU04852 3951 3955 5434 5516 5810 5911 6665 6739 7637 8415
ALOEGLOBIM 145 236 360 582 1392 1520
ALOEGLOBIN 145 236 360 582 1392 1520
ALOPROTP1A 51 165 251 294
AMU12024 160 256 370 666 1695 1863 1960 2125 2242 2481 3296 3388
AMU12025 1309 1411 1533 1829 2485 2653 2736 2901 3038 3277 3613 3705
AOIRHODOPS 1341 1701 3898 4066 5207 5372 6003 6242 9361 9483
ASPROP2 60 324 487 524
ASYRVISP 522 624 745 1041 1166 1334 1419 1584 1676 1915 2015 2113
ATREGLOBIN 145 236 365 587 1400 1528
BABAPOE 854 896 2654 2846 3467 4184
BATROX 289 340 2860 3010 4775 5034 6821 6954 7296 7466
BCHEGLOBIN 145 236 360 582 1405 1533
BOVANPA 313 432 531 857 1383 1394
BOVCOX7AL 1522 1539 2722 2811 4964 5048 6632 6690
BOVGAS 540 750 896 999
BOVIAP 1501 1567 1647 1763 1878 1993 2179 2353 2433 2605 2864 2998 3084 3156 3257 3391 3475 3666 3879 3995 4101 4402
BOVIRBP 126 3173 5404 5594 7556 7698 9190 9668
BOVLHB 788 802 1104 1271 1520 1762
BOVLYSOZMA 2903 3038 5606 5770 8578 8653 10126 10192
BOVLYSOZMB 2537 2672 3840 4004 6136 6211 7575 7641
BOVLYSOZMC 769 904 2158 2322 4118 4193 7192 7258
BOVMYF5A 197 697 1549 1624 2029 2219
BRHOX22 1001 1430 2484 2740
BRHOX34A 497 980 1782 1996
BRU12895 924 1134 1834 3158
BTATPAAA 680 739 2235 2313 3537 3706 5555 5728 5817 5983 6188 6336 6675 6826 6926 7150 7662 7769 7878 8022 8978 9128 9267 9348
BTEBGL2 218 309 435 657 1501 1629
BTEBGL4 218 309 435 657 1498 1626
BTGL01 279 364 785 1007 1587 1715
BTHOR02 364 483 1718 1919 2097 2275
BTKER6B 1108 1677 2476 2558 2913 3069 3153 3314 3404 3529 3838 4055 4408 4665 5088 5094
BTSPDNA 1404 1540 1635 1710
BTSVSP109 2283 2358 3924 3983 5160 5291 5947 6083
BTTNP2G 395 773 1685 1701
BTU02285 3663 3791 3897 4221 4325 4486 4588 4779 4874 5055 5142 5285
CALEGLOBIM 144 235 364 586 1399 1527
CBUEGLOBIM 144 235 364 586 1399 1527
CCALAC 1225 1357 1693 1851 2333 2408 2916 2976
CCBEGLOBIM 145 236 364 586 1407 1535
CCBEGLOBIN 146 237 366 588 1410 1538
CCGHG 273 282 566 705 934 1050 1616 1777 1884 2087
CCGONBS1 1750 1766 1894 2071 2226 2465
CCGONBS2 1768 1784 1913 2090 2244 2483
CCGTHA1 208 301 384 571 680 754
CCT64CLU 1559 1643 2608 2756 2834 3004 3078 3495 4400 4513 5045 5271 5474 5658 5835 5841
CEPPINS 671 857 1607 1752
CHBLG 2189 2284 2950 3089 3945 4018 5135 5245 5920 6024 6238 6254
CHEBGLI 478 569 686 908 1948 2076
CHEBGLII 471 562 689 911 1754 1879
CHKALDB 6060 6171 6452 6663 6900 6954 7104 7264 8102 8185 8667 8841 8985 9184 9600 9695
CHKAPOII 3256 3316 3660 3819 4361 4460
CHKDPCP 458 636 1624 1687
CHKMAX 2091 2126 2264 2290 3820 3927 4171 4294 4391 4578
CHKMYOD 4383 4940 6071 6149 6768 7027
CHKOVAL 2996 3163 3415 3465 4047 4175 4576 4693 5652 5794 6126 6281 7864 8259
CHKRPL30 780 800 1726 1871 2622 2752 3799 3848
CHKRPL37A 795 797 1247 1375 2303 2385 3232 3295
CHKRPL5G 495 497 1349 1418 1516 1631 3022 3156 3752 3954 4987 5164 6808 6896 7507 7606
CHKTUB4B 380 436 840 948 1462 1572 1710 2782
CHKY 3435 3602 4148 4198 4554 4682 5530 5647 5869 6011 6093 6248 7125 7526
CHPPHYGEN 4507 4598 4722 4944 5821 5949
CHPPROTP1A 50 158 250 293
CHPPROTP1B 48 159 251 294
CHWEGLOBIM 145 236 365 587 1410 1538
CIGH 1271 1280 1551 1690 2163 2279 2727 2888 3037 3240
CITEGLOBIM 144 235 364 586 1400 1528
CJAEGLOBIN 145 236 365 587 1411 1539
CJINTERFG 2767 2880 4118 4186 4282 4464 6901 7035
CL54K 507 511 825 2226
CMBGA2B2 291 382 495 717 1742 1870
CMEGA2E2 324 415 530 752 1660 1788
CMU11711 1593 1684 1808 2030 2878 3006
CPPROT1GN 61 163 239 282
CRASEQB 891 1919 2700 2824 3186 4428
CRUCH7AHYD 1651 1730 3410 3650 4351 4937 5945 6075 7690 7865 8437 8736
CRUGAD45A 1833 1876 1961 2062 2179 2416 3318 3431
DMPROTP1 122 248 376 425
DMU11712 1613 1704 1820 2042 2891 3019
DOGCOLIP 1024 1107 2255 2377 2790 2921
DOGIL8T 54 117 1270 1405 1685 1768 2204 2225
ECGLOAP1 268 362 452 656 749 877
ECPZA2GL 3481 3575 3854 4058 4208 4336
ECZGL1 605 699 1329 1533 1682 1810
ECZGL2 160 254 879 1083 1232 1360
ELMETL 1072 1096 1225 1290 1430 1521
FDFELDI2 215 275 788 969 2221 2301
FDTNFA 1 186 744 789 924 971 1301 1722
GDMYF5G 132 638 960 1035 1128 1321
GGAC01 1543 1665 1986 2225 2750 3188 3495 3676 4032 4175
GGACTAC 841 969 1802 2126 2752 2913 3026 3217 4216 4397 4757 4900
GGACTI 275 403 516 840 975 1136 1362 1553 1659 1840 1990 2133
GGCALB 343 385 1699 1862 2180 2288 3275 3466 3657 3792 4179 4234 4724 4893 5018 5204 5778 5932 6690 6783 6999 7034 7668 7823 8573 8717 8987 9051 9500 9684 10008 10194 10613 10650
GGCRYD1 429 440 1539 1733 2658 2741 3093 3149 3418 3515 3866 3943 4254 4331 4475 4527 4844 4906 5119 5233 5814 5898 6078 6137 6311 6394 6653 6733 7106 7212 7705 7855
GGGL03 337 431 563 767 877 1005
GGGNRHIA 3486 3626 4296 4391 5899 5940
GGNFM1D 1067 2131 2326 2450 3581 4967
GGPROP2 36 306 468 505
GGRIHBGEN 2903 2981 3057 3218 3292 3453 3558 3583
GGVITIIG 14 53 169 189 290 441 1769 2020 2532 2693 2799 2947 3116 3266 3385 3542 3625 3790 4692 4817 5222 5440 6011 6228 6345 6442 6920 7044 7166 7267 7906 8025 8112 8301 9055 9148 9281 9466 9959 10103 10225 10447 10538 10713 11067 11756 12221 12271 12525 12614 13054 13266 13362 13504 13889 14027 14568 14703 15161 15347 15679 15770 16857 16954 17704 17863 18919 19080 20003 20121
GIBPROTP1A 48 159 244 287
GORAFPA 914 998 1808 1859 2822 2954 5245 5456 6627 6759 7668 7765 9315 9444 11414 11628 13288 13420 13989 14086 14568 14706 16357 16580 17701 17833 19176 19220
GORPROTP1A 52 163 255 298
GPIINS 339 525 1139 1284
HAMAMYLP 2235 2307 2405 3036
HAMHG5 4028 4855 5399 5516 6098 6187 6473 6596 7354 7440 9143 9437
HROAMD1 1959 2686 3020 3485 4590 4699 5795 5798
HROMA2 282 738 820 1173 1285 1610
HROMA4A 651 1107 1316 1669 1774 2099
HRSPRMI 616 721 800 846
HS1D3HLH 739 1038 1146 1205
HS2OXOC 21 115 718 870 955 1161 1330 1420 1503 1693 1773 1824 1951 2106
HSABLGR1 8604 8719 10298 10399 12388 12433 14134 14199 15672 15740 16939 17115 17862 17990 18503 18583
HSALDCG 2529 2640 2727 2938 3055 3109 3205 3365 3483 3566 3819 3993 4126 4325 4434 4529
HSAPC3A 864 918 1054 1177 3015 3135
HSAPOA2B 438 489 783 915 1311 1428
HSAPOAIA 274 316 504 660 1249 1852
HSAPOAIT 448 490 678 834 1424 2027
HSAPOC2G 2659 2713 2881 3040 3339 3429
HSAQUPN2 71 430 467 631 665 745 773 982
HSARYLA 630 847 997 1237 1352 1570 1645 1814 2127 2251 2342 2469 2720 2822 2938 3257
HSAT3 605 645 2944 3310 5843 6058 6964 7101 7912 8302 10336 10400 13775 13951
HSATPCP1 5350 5388 6304 6381 7088 7266 7587 7701
HSATPCP2 7451 7489 10117 10194 10724 10917 14641 14755
HSB3A 638 1842 2868 2889
HSBGPG 496 559 817 849 1026 1095 1297 1426
HSBSF2 1223 1241 1396 1586 2634 2747 3454 3600 5342 5509
HSCBMYHC 4394 4594 4897 5040 5328 5484 5616 5643 6245 6353 6436 6528 6630 6693 7147 7245 7463 7566 8215 8353 8779 8897 9024 9173 9455 9625 10220 10529 10809 10876 11251 11338 12037 12154 12303 12426 12692 12828 13086 13341 13967 14209 14394 14570 15754 15899 17029 17119 17838 18227 18463 18589 18777 18895 19065 19261 19786 19969 20153 20318 20479 20603 21157 21465 21638 21838 21962 22087 22198 22473 23358 23453 23566 23700 24227 24244
HSCD14G 156 158 247 1371
HSCKBG 1148 1340 1464 1618 1691 1823 2208 2379 3050 3173 3331 3520 3600 3778
HSCOMT2 1341 1629 1765 1958 2246 2377 2839 3039
HSCPH70 1660 1728 4173 4203 4318 4406 4628 4800 6215 6350
HSCSF1PO 1916 1964 7314 7571 8002 8286 10090 10226 10903 11062 14843 15035 17766 17881 18035 18155 18274 18464 20007 20122 26478 26604 26732 26836 27354 27464 28464 28626 30734 30822 30942 31039 31985 32107 32189 32300 32991 33090 33897 34005 34103 34258
HSCST3G 1085 1327 3580 3693 4948 5031
HSCYCLA 1180 1392 2162 2405 3618 3730 3944 4167 5130 5337 5797 5910 6533 6666 7024 7072
HSCYP216 53 254 352 441 724 878 986 1087 1176 1277 1379 1465 1635 1835 2036 2214 2298 2401 2498 2763
HSCYP45C 4117 4941 5497 5623 5711 5800 5892 6015 6161 6247 6440 6725
HSCYTOK17 149 580 1626 1708 2147 2303 2904 3065 3567 3692 3779 3999 4100 4122 4970 5064
HSCYTOK20 4891 5280 7429 7511 9313 9469 9822 9983 10145 10270 11719 11939 12667 12704 13626 13723
HSDAO 4856 6425 7145 7430 8880 9012 9322 9588
HSERPG 615 627 1194 1339 1596 1682 2294 2473 2608 2763
HSFAU1 782 856 951 1095 1557 1612 1787 1912
HSFESFPS 1014 1226 1379 1552 2926 3022 3152 3335 5267 5404 5478 5597 5801 5923 6053 6239 6361 6444 6940 7149 7511 7633 8015 8068 8663 8781 9056 9150 9247 9370 9610 9767 9892 10014 11372 11514
HSGCSFG 364 403 580 743 1122 1229 1374 1520 1685 1849
HSGEBCMA 477 606 1349 1495 2715 2992
HSGGL2 110 201 324 546 1413 1541
HSGLA 1180 1373 5094 5268 7269 7446 8321 8412 10131 10292 10510 10707 10978 11268
HSGROW2 335 344 601 761 971 1090 1184 1348 1602 1799
HSGSTM4 1 36 315 390 809 873 1180 1261 1357 1457 2373 2468 2559 2669 4753 4842
HSGTRH 2064 2204 3720 3815 5960 6001
HSHMG17G 2509 2523 3370 3414 3590 3619 3970 4020 4457 4552 4998 5033
HSHNRNPA 799 813 1377 1493 1789 1935 2084 2294 2388 2480 2567 2659 2794 2868 3806 3961 4252 4307
HSHOX51 1619 2051 2593 2927
HSHSC70 1040 1244 1567 1772 2097 2249 2337 2892 3104 3306 3535 3733 3881 4113 4445 4630
HSIFNAR 754 829 11201 11324 16768 16943 19033 19187 19300 19441 21017 21131 24861 25060 25159 25313 28528 28678 29408 29553 31085 31318
HSIFNG 475 588 1828 1896 1992 2174 4600 4734
HSIL1AG 2161 2207 3166 3214 4103 4325 6262 6432 7815 7939 10290 10490
HSIL1B 2481 2527 3092 3143 5125 5326 5874 6038 7275 7405 8127 8339
HSINT2 936 1155 3445 3548 9197 9592
HSL7A 2070 2072 2746 2866 3375 3524 3740 3880 4084 4163 4441 4571 4849 4918 5109 5213
HSLCATG 837 990 1724 1880 1960 2075 2170 2265 2349 2573 4458 5032
HSMECDAG 1327 1392 2328 2516 2701 2775 2870 2965 3403 3543 3768 3851 4038 4103
HSMED 1287 1353 1786 1942 2173 2314 4485 4715 4882 5088
HSMT1H 788 815 1409 1474 1801 1892
HSNCAMX1 1533 1608 4127 4141 4672 4777 5015 5217 6192 6314 6411 6581 6871 6982 7131 7315 7437 7568 7708 7851 8417 8528 8642 8808 8911 9067 9248 9372 9460 9570 9817 10014 10246 10316 10499 10721 11551 11666 11870 12071 12160 12282 12376 12549 12666 12785 12893 13048 13352 13486 13820 13892 13990 14001 14475 14706
HSNFM 742 1821 2550 2674 4006 5551
HSODCG 4090 4191 4475 4648 4855 5027 5286 5420 5551 5632 5809 5892 6948 7110 7193 7305 7399 7613 8254 8398
HSODF2 280 599 843 1275
HSPAT133 1311 1446 1847 3171
HSPLAPL 336 402 482 598 711 826 1017 1250
HSPRB3L 502 565 1501 1536 2087 2916
HSPRB4S 629 692 1622 1657 2213 2793
HSPSAG 401 446 1688 1847 3477 3763 3907 4043 5413 5568
HSRPII145 390 448 533 587 834 907 996 1070 1181 1232 1430 1492
HSRPS7 2091 2165 2297 2368 2964 3107 4189 4253 6583 6733 7277 7354
HSSAA1B 1452 1542 3706 3844 4229 4367
HSSHBG 361 471 604 695 868 1057 1389 1550 1778 1937 2068 2204 2940 3147 3392 3540
HSSSPN1AG 1277 1342 1583 1634 1725 1808 3258 3359 3450 3490 3614 3784
HSSURF3 281 283 912 1032 1542 1691 1907 2047 2241 2320 2598 2728 3004 3073 3262 3366
HSTNFB 1276 1374 1461 1566 1814 2226
HSTPI1G 631 745 1911 2034 2146 2230 2305 2437 2735 2820 3093 3180 3307 3425
HSTUBAG 533 535 2064 2286 2435 2583 2888 3868
HSU01102 613 667 3708 3895 4860 4892
HSU04357 72 96 457 1341 1448 1653
HSU04636 966 1017 1818 1934 2055 2198 2852 2995 3426 3607 4340 4423 4543 4789 5072 5358 5860 6007 6494 6903
HSU05259 703 781 2385 2684 2926 3044 4059 4127 4255 4368
HSU07807 726 756 3320 3385 4404 4495
HSU07983 380 389 664 1274
HSU08198 445 582 758 894 1053 1123 1208 1315 1587 1688 1772 1810 1890 1903
HSU12421 129 310 1941 2079 3684 3872
HSUBR 1155 1588 1972 2323 2459 2872
HSXBXVIII 11294 11404 11492 11588 11681 11842 11921 12084 12405 12506
HSZNGP1 442 517 4457 4717 8037 8312 9181 9464
HUMADAG 4031 4063 19230 19291 26344 26466 28908 29051 29823 29938 31176 31303 32425 32496 32573 32674 32851 32915 34354 34483 35100 35202 35651 35664
HUMADPRF02 211 358 1197 1307 1525 1649 2193 2354
HUMAPEXN 1407 1464 1675 1862 2429 2621 2752 3269
HUMAPOCII 2940 2994 3161 3320 3625 3715
HUMAPOE4 1871 1913 3007 3199 3781 4498
HUMATPGG 1433 1444 1535 1726 1842 1901 2473 2676 4179 4292 4496 4748 5038 5306 5919 6117 6424 6533 6614 6748 7263 7455 8022 8197 9299 9435 9521 9671 9777 9945 10035 10189 11281 11404 11928 12073 13529 13662 13998 14099 14184 14275 14466 14494
HUMBETGLOA 866 957 1088 1310 2161 2289
HUMBETGLOB 864 955 1086 1308 2159 2287
HUMBETGLOC 866 957 1088 1310 2161 2289
HUMBETGLOD 866 957 1088 1310 2161 2289
HUMBETGLOE 864 955 1086 1308 2159 2287
HUMBETGLOF 866 957 1088 1310 2161 2289
HUMBETGLOG 866 957 1088 1310 2161 2289
HUMBETGLOH 866 957 1088 1310 2161 2289
HUMBETGLOI 864 955 1086 1308 2159 2287
HUMBETGLOJ 864 955 1086 1308 2159 2287
HUMBETGLOK 864 955 1086 1308 2159 2287
HUMBETGLOL 864 955 1086 1308 2159 2287
HUMBETGLOM 863 954 1085 1307 2158 2286
HUMBETGLON 864 955 1086 1308 2159 2287
HUMBETGLOO 864 955 1086 1308 2159 2287
HUMBETGLOP 864 955 1086 1308 2159 2287
HUMBETGLOR 864 955 1086 1308 2159 2287
HUMCBRG 278 566 1112 1219 2608 3044
HUMCHYMASE 5158 5215 5886 6036 6786 6921 7108 7362 7733 7876
HUMCP21OH 745 946 1044 1133 1416 1570 1678 1779 1868 1969 2071 2157 2327 2527 2728 2906 2990 3093 3191 3456
HUMCP21OHC 746 947 1045 1134 1417 1571 1679 1780 1869 1970 2072 2158 2328 2528 2729 2907 2992 3095 3193 3458
HUMCS1 555 564 830 990 1214 1333 1426 1590 1844 2041
HUMCS3 556 565 830 990 1214 1333 1426 1587 1842 2039
HUMCSN2A 4804 4854 5720 5746 6726 6746 6842 6886 7991 8521 9440 9445
HUMCSPA 927 981 2128 2275 2793 2928 3134 3391 3794 3937
HUMCTLA1 933 987 2031 2178 2634 2769 2975 3235 3879 4022
HUMDEF5A 1399 1570 2550 2662
HUMDZA2G 5322 5388 9329 9589 12907 13182 14052 14335
HUMELAFIN 247 325 1185 1459
HUMEPOHYDD 5473 5655 8515 8695 15392 15619 15955 16084 16566 16774 19095 19203 21228 21353 21875 22076
HUMG0S24B 607 630 1441 2397
HUMG0S8PP 2572 2681 3666 3767 3870 3931 4479 4645 4898 5092
HUMGAD45A 2552 2595 3082 3183 3407 3644 4718 4831
HUMGARE 659 809 1987 2238 2403 2652 2960 3117 3325 3857
HUMGCK 1143 1187 3197 3359 3727 3881 4192 4311 4710 4805 4915 5014 5268 5451 5808 5963 6241 6474 6805 6949
HUMGFP40H 796 909 1022 1057 1140 1172 2461 2592 4096 4215
HUMGHG 634 688 1835 1982 2500 2635 2841 3098 3501 3644
HUMGHN 559 568 828 988 1196 1315 1409 1573 1827 2024
HUMGHV 556 565 837 997 1208 1327 1419 1583 1834 2031
HUMGSTM4A 741 776 1063 1138 1566 1630 1942 2023 2124 2224 3166 3261 3352 3462 5515 5604
HUMHMGIY 4525 4659 6460 6543 7219 7269 8581 8634
HUMHOX13G 249 810 1771 2021
HUMHPARS1 1041 1045 2549 2631 2918 3019 3780 3854 4642 4743 5502 5576 6500 7278
HUMIBP3 2038 2440 5726 5952 6497 6616 8212 8337
HUMIDS 1057 1159 1901 2037 2704 2881 5155 5243 7885 8085 9676 9846 15752 15878 19094 19267 22974 23446
HUMIGERA 1287 1341 1776 1796 2850 3104 4910 5167 6670 6854
HUMIL2RGA 88 202 581 734 943 1127 1336 1475 2239 2401 2934 3030 3283 3352 3708 3893
HUMIL4A 1171 1305 1578 1625 6826 7002 9591 9692
HUMIRBPG 130 3180 4966 5156 7017 7159 8766 9121
HUMLHDC 7384 7414 9600 9772 14491 14604 15461 15583 18247 18381 18638 18781 19245 19311 20137 20299 20391 20481 24567 24665 29671 29772 29907 30653
HUMLUCT 1486 1549 2369 2504 2777 2860 3276 3291
HUMLYTOXBB 2772 2933 3330 3375 3559 3630 4026 4480
HUMMCHEMP 598 673 1472 1589 1975 2080
HUMMET2 838 865 1167 1232 1436 1527
HUMMGPA 3455 3515 5060 5092 6258 6333 7025 7166
HUMMIF 1173 1280 1470 1642 1738 1804
HUMMIS 211 622 1215 1357 1530 1638 1727 1886 1977 2835
HUMMKXX 1339 1414 1569 1736 1857 2018 2736 2761
HUMNKG5PRO 2210 2261 3111 3214 3749 3847 5296 5467 6353 6363
HUMNTRI 2627 2801 3382 3491
HUMNTRIII 2627 2801 3382 3491
HUMOSTP 3455 3508 3618 3656 6598 6678 6944 6985 8025 8348 9041 9445
HUMPAP 1334 1409 1970 2088 2276 2413 3040 3166 3445 3512
HUMPCI 7949 8567 10627 10897 11335 11482 12608 12790
HUMPEM 876 933 1436 2265 2365 2420 2570 2706 2851 2972 3053 3202 3735 3809
HUMPEPYYA 1013 1200 1307 1387 1516 1540
HUMPF4V1A 281 380 699 825 951 1038
HUMPHOSA 9 232 668 849 1290 1493 1622 1809 2160 2322 2763 2987 3077 3208 3633 3728 3943 4397
HUMPRCA 2131 2200 3464 3630 5093 5117 5210 5347 5450 5584 8253 8395 9269 9386 10516 11105
HUMPREELAS 517 595 1453 1727
HUMPRPHX 801 1345 1777 1837 2031 2126 2484 2651 2743 2868 2952 3172 3272 3321 3553 3632 3880 3948
HUMRCC1 24128 24200 26030 26217 26399 26578 27913 28009 28121 28243 28737 28892 29127 29246 29613 29765 30697 30872
HUMREGHOM 620 683 1300 1418 1726 1863 2627 2738 2947 3014
HUMROD1X 652 1241 1629 1875 1992 2210
HUMRPIB2 1467 1530 2149 2267 2575 2712 3476 3587 3796 3863
HUMRPS6B 353 358 927 1058 1627 1837 2031 2177 3893 4050 4156 4251
HUMSEMI 717 792 1037 2349
HUMSEMIIB 4410 4485 4729 6401
HUMSTATH2 302 352 1532 1552 1645 1674 2728 2814
HUMTBGA 4319 4940 5991 6264 6996 7143 7676 7879
HUMTCRBRA 229 277 396 703
HUMTHROMA 1972 1984 2216 2343 2630 2716 4649 4816 5053 5718
HUMTNP2SS 258 657 1506 1522
HUMTPALBU 1004 1093 1490 1620 2670 2740 3314 3424 4259 4360 4560 4585
HUMTRHYAL 1507 1644 2512 8070
HUMTSHB2 25 186 635 889
HUMV2R 236 260 622 1506 1613 1818
HYPSCGH 31 40 311 450 922 1038 1462 1623 1770 1973
LAYEGLOBIN 146 237 361 583 1403 1531
LEBGLOB 1485 1576 1703 1925 2492 2620
LNOEGLOBIN 144 235 364 586 1399 1527
MACHBGA1 403 494 618 840 1722 1850
MACHBGA2 401 492 616 838 1723 1851
MAMGLUTRA 448 483 745 820 1190 1254 1545 1626 1718 1818 2649 2744 2827 2937 5487 5576
MAU09941 1692 1829 2248 2916
MFAPOA2A 327 378 652 784 1179 1296
MFAPOC3A 858 912 1048 1171 2871 2991
MMA2IXCOA 3060 3131 4311 4385 5646 5681 5768 5830 7048 7101 7214 7249 7347 7370 7630 7683 8010 8063 8168 8215 8344 8400 8485 8538 8828 8881 9268 9321 9413 9466 9572 9625 12979 13032 13393 13446 13672 13725 14530 14574 14967 15020 15284 15337 15543 15596 15674 15745 15897 15932 16069 16113 16207 16239 16375 16521 16756 16810 17086 17274 17569 17646 17912 18111
MMACLGNA 398 473 3045 3177 3473 3638
MMAPOG 493 535 652 805 1341 1938
MMASM1G 782 1087 1471 2243 2756 2927 3168 3244 3599 3744 3873 4282
MMCASEIB 6201 6251 6999 7022 7139 7159 8102 8125 8207 8251 9278 9802 10398 10403
MMCD24A 2417 2485 5756 5917
MMCFOS 703 843 1598 1849 2255 2362 2480 3121
MMCOL10A 1648 1801 5216 7104
MMCRPG 311 374 588 1201
MMCYTOKNA 734 809 1468 1558 1935 2040
MMDM2RR 566 664 779 853 1158 1304 1534 1650 2568 2701 3606 3700 3828 3961 4820 4924 5020 5133 5243 5395
MMDNAASFA 640 854 1000 1240 1357 1575 1653 1822 2010 2134 2229 2356 2592 2694 2806 3125
MMEZGL 494 588 1394 1598 1705 1833
MMG37 271 331 518 787 1027 1302 1843 2118 2246 2362 2540 2569 2709 2752
MMGBCRYA 662 670 760 1002 2344 2619
MMGCCRYA 712 720 813 1055 2547 2819
MMGFAPD 297 712 1563 1623 1805 1900 2833 2994 3780 3905 4114 4334 5408 5451 7821 7906 8551 8595
MMGGLINE 7075 7166 7290 7512 8393 8521
MMGK5 649 694 1645 1804 2308 2594 2688 2824 3196 3351
MMH2D4Q5 95 158 374 643 788 882
MMHOX13 238 799 1760 2010
MMHOX24I 413 836 1609 1916
MMIL1BG 1309 1355 1889 1937 3478 3679 4227 4397 5548 5678 6399 6608
MMIL3G 521 685 782 823 1817 1912 2048 2089 2212 2367
MMIL5G 590 730 1560 1592 3468 3596 3676 3774
MMKFGF 214 541 941 1044 1474 1650
MMLDHAG 4451 4576 5801 5918 6997 7170 7494 7667 8479 8596 10580 10703 11574 11738
MMMMP9A 1200 1340 1778 2007 2226 2374 2652 2780 2890 3063 3244 3417 3768 3944 4050 4205 5361 5694 5796 5935 6205 6355 6460 6563 7714 7847
MMMRPS24 401 403 1394 1459 1551 1760 3026 3136 3695 3700
MMMTIX 374 401 885 950 1162 1253
MMMUPBS6 635 730 1069 1202 1971 2044 2682 2792 3134 3235 3399 3424
MMMYCL 1291 1786 4670 5280
MMNFMG 557 1633 2415 2539 3942 5289
MMNMYC 379 1162 3168 3772
MMNUCLEO 2024 2041 3024 3140 3797 4292 4508 4693 4792 4878 5056 5197 6105 6229 7393 7516 7967 8121 8614 8737 8928 9049 9754 9880 10212 10435 10551 10627
MMODC2 229 330 563 736 880 1052 1239 1373 1475 1556 1717 1800 2345 2507 2589 2701 2784 2998 3516 3660
MMOESTEOP 939 992 1091 1126 2202 2282 2779 2820 3819 4100 4788 5177
MMPO 2117 2192 2352 2445 2772 2947 3379 3502 3598 3727 3811 4017 4450 4768 7006 7166 8184 8439 8736 8906 9665 9902 10544 10748
MMPPSOMA 896 1033 1699 1911
MMPROP2 18 288 450 487
MMPROT1 653 758 853 902
MMPROT2 959 1217 1323 1387
MMSAP 374 440 551 1158
MMSCIMIP 339 414 905 1016 1246 1336
MMSYNDE1A 1279 1344 18927 19008 19903 20384 20806 20941 21153 21322
MMTHY1G 43 79 670 1008 1395 1507
MMTLAC 220 298 478 747 895 1170 2816 3091 3224 3337 3633 3703
MMTNFBG 1632 1727 1811 1910 2135 2547
MMTROPIB 1686 1696 1919 1931 2098 2184 2614 2655 2905 3036 3474 3563 4427 4603 5549 5632
MMTUM198 1677 1691 2745 2817 3032 3097 3211 3312 3501 3586 3758 3817 4057 4179 4262 4348
MMU01530 2648 3093 3136 3230 3284 3732
MMU02278 1190 1637 2487 3340
MMU02298 1104 1179 2301 2412 5502 5589
MMU02884 1557 1629 5071 5243 6734 6835 7952 8005
MMU04056 1372 1381 3344 3529 4454 4687 7860 7978 8790 8894 10139 10316 10737 10875 11155 11258 11968 12210 13191 13490 16069 16229 16427 16560 18341 18503
MMU04827 3611 3683 4108 4280 4867 4968 6726 6776
MMU07568 1 83 165 266 377 481 578 689
MMU07808 642 672 1631 1696 2176 2267
MMU09741 170 244 1019 1229 1628 1692
MMU09964 1871 1967 3190 3427 4206 4302 4500 4606 7871 7961 8043 8161 8519 8600 8865 9016 9148 9310 10777 10874 11246 11318
MMU10098 948 1172 3395 3508 4282 4365
MMU11054 70 456 1327 1417 1812 1995 2083 2341
MMU11713 196 287 411 633 1467 1595
MMU12029 420 581 948 1263 1602 2044
MMU12273 625 679 897 1084 1547 1739 1842 2359
MMU12559 75 246 808 917
MMU12560 75 246 810 919
MMU12561 75 246 806 915
MMU12562 75 246 808 827
MMU12565 75 246 793 896
MMU13921 481 951 1920 2002 2197 2353 2531 2692 2804 2929 3020 3240 3967 3989 4305 4375
MMU14421 3592 3667 4105 4236 4363 4501 4743 4813 5187 5323
MMVITRO 1781 1844 1934 2053 2132 2473 2553 2692 2860 3016 3126 3278 4004 4354 4568 4677
MMVPREB2 333 378 466 848
MMVPREB3 333 378 466 848
MNKEGLOBIM 145 236 360 582 1402 1530
MNKEGLOBIN 145 236 360 582 1400 1528
MNKHGBGGAG 195 286 410 632 1422 1550
MNPROP2 4 277 438 475
MUS8HS20 888 939 1673 1992
MUSAP 3436 3573 3689 3814 3949 4033 4399 4508 4604 4739 4861 4970 5166 5289 5521 5618 5706 5951 6172 6405 6484 6708 6795 6932
MUSAP5A 2161 2427 2631 2758 4268 4613 4952 5194
MUSAPEX 1629 1683 1901 2088 2549 2741 2844 3361
MUSAPOAII 671 722 1022 1154 1498 1621
MUSAPOIVA 542 587 848 974 1644 2655
MUSBMP4 6806 7178 8184 9037
MUSBNP 210 335 530 752 1196 1212
MUSCD14A 173 175 273 1370
MUSCRKNB 1711 1903 2090 2244 2322 2454 2624 2795 3381 3504 3652 3841 3925 4103
MUSCYTCOVB 624 723 1245 1318 1485 1584 2234 2346
MUSENDOBA 2347 2742 3535 3617 3892 4048 4688 4852 4964 5089 5365 5588 5910 6030
MUSFAUA 1174 1248 1351 1495 2068 2123 2275 2400
MUSFERHC 369 482 1680 1826 2059 2184 2280 2441
MUSFKBP13X 156 320 623 735 857 903 1246 1281 1358 1419
MUSGAD45 891 934 1024 1125 1220 1457 2362 2475
MUSGFJE 548 623 1371 1488 1814 2066
MUSGPOAD 957 1043 2152 2305 4285 4402 4816 4915 6047 6253
MUSHBBH0 273 364 691 913 1765 1893
MUSHBBH1 359 450 557 779 1588 1716
MUSHES1 448 555 688 783 1020 1107 1729 2285
MUSHOX35A 869 1307 1783 2138
MUSIL1RN 393 511 2394 2482 3436 3548 4335 4550
MUSKE3A 18 20 445 543 3029 3217 3308 3399 3501 3576
MUSLMP7A 1171 1317 2005 2152 2342 2453 2899 3028 3469 3673 3938 4026
MUSLTA 1711 1806 1890 1989 2216 2628
MUSMC26 2355 2418 3145 3189 3928 4143 4372 4502
MUSOGC 49 112 257 289 431 488 695 827
MUSOGCA 802 865 1010 1042 1184 1241 1448 1580
MUSOGCB 49 112 257 289 432 489 696 828
MUSPNMT 1430 1664 2135 2342 2451 2895
MUSPROTA 1890 1944 2434 2584 3088 3223 3408 3662 4062 4205
MUSPROTEB 276 336 428 593 727 992 1824 1987 2060 2224
MUSPRPC2 737 800 4585 5474
MUSPRPMPB 737 800 2234 2955
MUSREGI 1098 1158 1680 1798 2092 2229 2881 2992 3166 3233
MUSREGII 863 926 1486 1625 1850 1987 2979 3090 3281 3348
MUSROM1X 652 1241 1601 1847 1938 2156
MUSRPL30 639 659 904 1049 2328 2458 3085 3134
MUSRPS16 402 449 588 686 1771 1867 1957 2004 2088 2233
MUSS100B 4782 4919 7664 7804
MUSSERPROA 1394 1448 1941 2091 2603 2738 2923 3177 3532 3669
MUSSSATGN 774 839 1110 1161 1262 1345 2803 2904 2998 3038 3269 3439
MUSTCP 389 452 1619 1704 1864 1992 3172 3269 3635 3745 4096 4277 4560 4686 5922 6097 6428 6551 7037 7229 7348 7511 8078 8294
MUSTHY1 43 79 670 1008 1395 1507
MUSTLAG 626 704 885 1154 1297 1572 3218 3493 3626 3739 4032 4171
MUSTSHBA2 302 463 907 1161
MUSY1GLOB 285 376 467 689 1438 1566
OABBGLOB 872 957 1086 1308 2207 2335
OABCGLOB 880 956 1089 1311 2155 2283
OAINIGFII1 553 739 1211 1341
OAINTL3 518 673 777 812 1816 1908 2036 2071 2188 2307
OAKRT213 2778 3197 3938 4146 4752 4812 5192 5287 5519 5683 5951 6076 6327 6547 7361 7392 7911 8023
OALGB 842 937 1602 1741 2586 2659 3772 3882 4551 4655 4869 4885
OAMETIAG 673 700 1413 1478 2187 2278
OAMTIB 937 964 1655 1720 2650 2741
OAMTIC 593 620 1229 1294 1656 1747
OAMTII 995 1022 1312 1377 1697 1788
OAPROTP1 73 211 314 360
OATRICH 3019 3156 3743 8254
OCAPOAIG 510 552 701 854 1319 1919
OCTNFBETA 502 576 660 765 963 1375
OCUTGLOB 3302 3356 5643 5830 6158 6190
OOGH 320 332 579 739 967 1083 1313 1474 1750 1950
OPOP1 122 248 376 425
ORAPROTP1A 51 162 260 303
PAA1GL 109 203 308 512 656 784
PAAFPG 158 213 710 902
PAU03674 2501 3170 3389 3573 3675 3772 3852 4012 4101 4293 4464 4610 4689 4764
PIGAPAI 751 793 975 1128 1770 2370
PIGAPCIII 1377 1431 1587 1710 2733 2844
PIGCNP 310 399 839 1129
PIGFSB 19 514 817 1041 1693 1976
PIKEGLOBIN 145 236 365 587 1410 1538
PPGLTG 278 372 457 661 771 899
PPPROP2 48 318 480 517
PPYPROP2 1 271 434 471
PTAZGLO 1508 1602 2872 3076 3264 3392
PTGGGLOG 108 199 322 544 1438 1566
PTPPINS 1223 1409 2193 2338
PTPROP2 59 329 492 529
PVU11715 196 287 410 632 1486 1614
QULNFLW 2744 3793 4531 4655 5598 5920 6890 7062
QULTROPIA 2178 2185 2353 2359 2962 3003 3308 3436 3957 4046 4159 4335 4659 4757
RABCRP 333 396 649 1262
RABDNP3AA 1987 2155 2732 2844
RABSURFA 3864 4032 4241 4360 5010 5087 5533 5909
RABTNF 665 850 1300 1354 1515 1562 1853 2271
RATCYC 1164 1332 1438 1586
RATCYSS 778 1005 3912 4025 5007 5090
RATDCCOVB 2164 2266 2790 2863 3026 3125 3782 3894
RATGRG 20 82 183 285 1183 1290 1372 1493 1589 1695 1785 1941 2027 2186 2258 2318 2546 2615 2905 2993 3109 3289 3591 3827
RATGROS 1108 1177 1266 1389 1506 1586 1765 1780
RATGSTY 623 658 920 995 1430 1494 1780 1861 1959 2059 3084 3179 3265 3375 5419 5508
RATIGFBA 153 525 1852 2033 2873 3001 4089 4220
RATJE 1115 1190 1871 1988 2329 2581
RATKALA 1229 1274 3122 3281 4189 4475 4572 4708 5069 5224
RATLHB 802 816 1062 1229 1455 1697
RATLITHOST 2786 2846 3352 3470 3764 3901 4540 4651 4836 4903
RATLYSOZYM 1425 1560 3090 3254 5095 5173 5911 5977
RATLYSZYM 438 573 4125 4289 6151 6229 6966 7032
RATOSCAL 1128 1191 1340 1372 1516 1585 1785 1917
RATPAP 1298 1307 1567 1647 2176 2294 2466 2603 3178 3304 4213 4280
RATPAPIIB 2225 2297 3021 3139 3335 3472 3980 4106 4346 4413
RATPPP 2070 2260 2451 2556
RATPTBZR02 1124 1305 1927 2065 2925 3113
RATRGPI 2651 2711 3220 3338 3632 3769 4409 4520 4704 4771
RATRPIII 1535 1607 2337 2455 2652 2789 3299 3425 3667 3734
RATSVSIV1 168 243 691 950
RATTSHB 4213 4374 4752 5006
RN0B2GLOB 262 353 470 692 1366 1494
RN2BGLOB 340 431 541 763 1449 1577
RN3B2GLOB 30 121 237 459 1099 1227
RN3B3GLOB 311 402 516 738 1378 1506
RN3BGLOB 196 287 403 625 1260 1388
RNAC01 1244 1366 1454 1693 2158 2596 2685 2866 2991 3134
RNAC02 1239 1367 1462 1786 1976 2137 2237 2428 2561 2742 2819 2962
RNANTANT 1413 1523 2776 3262 3742 3882 4632 4789
RNAPOEG 1250 1292 1786 1954 2355 3078
RNCALBD9 2601 2735 4541 4645
RNGAMT 1992 2172 2995 3140 3256 3318 3691 3759 3892 4002 4381 4521
RNGMTG 1476 1681 3121 3248 3807 3917 4111 4253 4341 4462 4549 4720
RNGROW3 461 470 656 816 1535 1651 1811 1972 2186 2386
RNHSC73 1039 1243 1507 1712 1829 1981 2062 2617 2831 3033 3249 3447 3533 3765 4022 4207
RNLALB01 1281 1413 1755 1913 2343 2418 3435 3546
RNLPKG 3212 3218 3766 3948 5917 6008 6152 6283 6418 6604 6921 7191 7302 7452 7665 7817 7911 8077 9298 9479 10163 10269
RNODC 3423 3524 3744 3917 4009 4181 4382 4516 4616 4697 4869 4952 5468 5630 5712 5824 6076 6290 6778 6922
RNP9KA 1086 1226 1902 2066
RNPBPG 1065 1116 2747 2949 3756 3839
RNPGMUT 1182 1595 1691 1871 2079 2245
RNPROST22 639 875 3551 3646 4412 4525 6623 6706
RNREVSV2A 42 66 419 1303 1465 1670
RNSDHG 4487 4639 5651 5690 5804 6051 6161 6252 6756 6983 8546 8670 9100 9305
RNSVFG 424 499 913 1208
RNTHYCSG 31 67 735 1070 1473 1585
RNU03551 556 831 2305 2417 2511 3082 3274 3476
RNU09193 2008 2083 2630 2748 2946 3083 3663 3786 3966 4033
RNU12250 206 292 381 472 1378 1522
RNUCPG 4184 4309 4958 5156 7763 7963 8055 8156 9220 9400 11790 11904
RNVEGP1 1175 1261 1697 1833 2961 3031 3926 4036 4509 4610 4817 4842
RNVEGP2C 1291 1377 1813 1949 3057 3127 4035 4145 4621 4722 4933 4958
RRU04320 2299 2499 3520 3642 5624 5827
S46763 1171 1234 2401 2486 2646 2774 3954 4051 4417 4527 4878 5059 5342 5468 6704 6879 7210 7333 7819 8011 8130 8293 8860 9076
S49651 1609 1651 2673 2785 3147 3254 3954 4136 4254 4445
S57980 638 874 3549 3644 4410 4523 6621 6704
S62287 827 1265 1741 2096
S63697 31 279 630 828 1100 1149
S66606 2466 2505 2593 2705 3791 3898 4415 4597 4768 4956
S67057 776 839 939 1546
S69277 2258 3097 3189 3315 3431 3520 3715 3838 4016 4102 4260 4602
S69278 1750 2589 2699 2825 2941 3030 3223 3346 3474 3560 3707 4007
S69350 112 234 962 2104
SAIEGLOBIM 145 236 365 587 1535 1663
SMIGCU 681 798 888 1232 1313 1630 1716 2110
SMNPRP1A 70 214 438 484
SOEEGLOBIN 144 235 363 585 1397 1525
SSBAT1G 1108 1315 2087 2214 2489 2581 4354 4537 5652 5770 8106 8237 9034 9143 9243 9387 9526 9673 10453 10469
SSIKBAGE 2242 2468 3042 3150 3502 3712 4002 4090 4209 4469 4829 4876
SSPINT1B 1924 1970 2499 2550 3707 3902 5080 5244 6474 6604 7384 7596
TAPROTP1 73 229 331 383
TARHBE 27 118 242 464 1284 1412
TARHBG 173 264 385 611 1760 1887
TFLPA2P1 556 595 839 971 1648 1748 2008 2150
TFLPA2P2 550 589 833 965 1682 1782 2042 2184
TFLPA2P3 556 595 839 971 1648 1748 2008 2150
TFLPA2P4 550 589 833 965 1682 1782 2042 2184
TGLHBB 427 518 665 887 1353 1481
TIOPRP1A 70 211 373 419
U00432 1 82 202 236 658 792 914 1100 1227 1311 1400 1523
U00433 1 82 232 266 617 751 875 1061 1185 1269 1365 1488
U00454 1060 1597 4716 4861 5949 6200
U00938 1102 1168 3894 4069 5065 5154 6449 6502
U01026 1324 1363 1613 1745 2436 2536 2796 2938
U01027 531 570 814 946 1609 1709 1969 2111
U01844 1932 1985 2090 2140 2369 2473 2608 2652 2974 3210 3693 3995
XELCRPGA 1041 1095 2915 3576
XELCRYB 697 705 1083 1325 1593 1868
XELHBBC 174 262 455 677 1519 1647
XLACTA 2462 2590 3543 3867 3976 4137 4653 4844 4946 5127 5531 5674
XLACTCAG 2344 2472 3289 3613 4769 4930 5370 5561 6279 6460 6899 7042
XLBGL3 296 387 952 1174 2143 2271
XLGLAA1 42 136 297 501 839 967
XLGLAA2 43 137 314 518 854 982
XLK81A1G 1357 1758 2211 2293 2577 2733 2864 3025 3405 3530 3631 3848 4123 4169 4734 4828
XLRPL14 909 911 1804 1890 1979 2086 4879 4977 5232 5355 7834 7903 8271 8346
XLRPL1AG 497 511 1949 2120 2331 2437 2679 2817 3012 3136 3701 3830 4416 4572 5095 5178 5636 5756 6420 6560
XLS8 1957 2031 3866 3937 5768 5911 7316 7380 12026 12176 13234 13311
XLTUBAG 675 677 4178 4400 5426 5574 5759 6733
XLXANF1A 1300 1459 1757 1959 2604 2705 4070 4168
XTGLA 636 730 2633 2837 3992 4120
XTGLAA 941 1035 1206 1410 1706 1834
XTGLB 2292 2383 2613 2835 3751 3879
ZEFB2MICB 240 303 914 1186 1299 1312

